41 4
11000111000010111000011111101110001110101
11001011010100101100101111000010010010010
11101100010011010000000011111010100110000
01110001110000011110100101100011011011010
00100111000111010010100100111011101011000
00001101011110010010101011100000110101101
11000000010001111000010001111111011011101
11101000100101101100100110110100000101101
01001110111110100101000111101001110010010
11011010101110010000011100100110010001100
01101011111101001100011010100010010110101
01100000000011001100001001010100101011011
00010111001101000101100001111011010001110
00100100110100110110110110110101100011111
01000010110101101100001111111111110111110
10111011010101001101101010101101001100010
10011111100001110001111101111001100110111
01010111100001000110111110010010010100010
00000001000110111111101011111101110100001
11110110111110101100111101100001101011101
11110111111000101111101010010100110111011
10101101000010000010010100101001111000010
01111011001001000111011010011001001111000
11010010010101011111001100110011000101001
10001100001010000111100100111110010111000
11010010000001111000000100001000000011100
11110111100111011000100110110111111100001
11100000111001110100011100110111101001010
10011001000011000100011111010110001000001
01010110001000101001011010000100100100010
01001110101100111010111101110111111111001
01010011010100010101010010110110010011100
01111101111111011100000001000111010000101
01111101010110100111110111111100001100000
11000001010010011110010100101111000011001
11101111000011110101101111011101100010000
00101101100101001111011011001010100101101
00011110001010010000011101001100100011000
10011000010001001010110101111110110101101
00011011011001011111011101101100001010011
10101111000110001011001011101011111100111
29 1
3 6
1 6
26 32
