32 2
01000000100000110111111010100110
01001011010101010100111000000001
00101001000000010000110001100110
01011101001111111100111011100111
00100011100000101001000001000001
11111001101011101001111000001111
11001110110110010000110100110111
11111101100001000001101010001001
10001111010100010110000101101011
10010000010000010001101001100001
10101100011010001111011110001110
11011011111110001010000100100001
01101001010001001001111011000010
11010001000110000000001011110111
11101011011001101111110000001100
00011111111001111011100110110110
11110111110100110110110111101010
10011000110111001010111000001000
11000100010001010000011110110000
01101001100100100010001000010110
01111100111101001000001100000110
00001000100001010111001010111111
01011001001010110000101001111000
10100001000111011111011100100001
11100001000000110100001100101100
11000101111010001111011010010000
01100001000110101110010010000001
11001101011100010001100010011001
10000110001001101000110111001111
01001011100101011010111010001111
11011100000001101110101101000010
10000101011110100101010011000110
26 19
14 26
