65 5
11110010010110110111110011010001110101111011110010010010010000010
10000111110100101100101111101101000001111111111110010100100110011
00100101100001011101110111010000001001101111010101000111000010110
01000111110010011101000001011011110101000111011111110000000110111
01110100101000111100010110101001111001000111111011001111010100100
00001000010010001100110000001010011111000011100101100010101111010
11000100011010111111000101000100000110110001101010001111011010101
00001010000010001011110001011100010000010111110010111100001101111
10110110010101001111111110110001100001111101010001010011110110101
01110111101000100111010110111011110110000001111110101010011111000
00110111000110001000001111110110001010100101101001101111000001000
10111100001111010010000001010100111010011010100111000110110101011
00101000110011011011100011000111010011101111101011011011010110111
10000111101010001110000111111100010110011001000110010100010111010
01000111100010101011010010011110111010110000101101001000111111110
01010001011111110110111101001000111110110001100010100010001101010
11101100010110101110000110000101100100111011100111110111000101110
01010101001110111011111111111110100100110000111100101111011000001
11111010001111111011111000100110011001011000010111111011011011001
11101100000010100110010011111011100111110100001010101010111100011
01111011111111101110011001011010000100011111000111110111010010011
10110000111011111011111000110000010111111100000111000100100011101
10001010111010011001101000111000111101011100010100000000001001101
01001101110001110101000001011001010101011110000011000001000011111
00110101000001111001001010011111111000000111100011111011000100101
11100000010101111111001010001101011101110001010010101001000111110
10101010001001100110111101111101100001111101110010101111001100010
01001101111001010100001100100111100101110110010110010010011110001
00000011101001100011011001100100011010000010100110000010010010101
01010111011111001101100011100110000100101011100100011001111110011
11111001000110101111100101110011011011110111001101011010110011010
00110110010100110111001011111101101111000011011101010011110110100
00010101100000010100100001110010110000010000001010100011011101110
11110011110001000000000011010010010010110101100101101110110010111
01100110001000100010101011101101011010110001101111010001101110101
00010101100110010101000001000101000010110101111001110011001010111
10000111000001110000110101001010101101100101100101000000110111001
01110101100110000010010100010110000001101000111111111100000000101
10011111011011001000011000011000000010000111100011010100010011000
01011110100101011010000011001011110010011000111101100000001100001
10000010000001100010111000000100110011100101101100010111000110111
00100011100011101110011101011000110000000001110110001000011011110
00111110000100101011100000000100111010010001011000101111100000101
10000111011110000110100001010100001010111011011101010000001100100
00110011110110111010011001001000000111101101011000001100110110011
11100001010111110110010100111011100110001000000010100001010010001
10011111000110001011001111100110010101101011011001010000101010111
00010110000010100100010100111000101101110011011110010101110110100
00000001000111000011111100100010111010101011101001001111100100001
10010011000101000010001100011011111110010100000011001011011011001
00011101010100101001001111011010111101101001001001010010100010101
01001110101111001111100101001100011111100101010010110010001000111
10110110001011011101011110010101010111100110101111111000100001001
10011000011100001100011000110111100000010100100100001000101011110
01111100101100011001110101001010101111111011000100101010010110001
01000111000100011101011011101011100101010110110011011011101000111
11000101101100101101111001000010110111011010110110000110100011001
00010000101101001110101010101010000111100010001101001000000000101
00111000111101000111100000010001110001010001101001010110100110100
00111101101101101000100111011001011111111000001010110011111000111
00011111000010110100111001001001011101100011100010110101101100010
00101001111111001010000110110101010001111100101001000111111101110
00011110111000000010010001000010111011010010011011001001011111010
01010110001000001011010111000010110001101101001001010100011011111
00011011001101110011100101000000101100111001010111011010010101001
65 21
34 13
12 34
24 50
32 53
