79 79
0100100111110111010011000011111001001101111011101000010110010010001011000111101
0000000011001110100010111000000101111001011010110000110010011000100000111010010
1100100010110110000101101100010011000011111011100110001010111011000011010101100
1100010100111001101110111100101011101001111000011111100110110101001110100001000
1000000001010011000001110001100000110101100010111010000000110001011111000110100
1110100000100100110100010000000111100110101110010110100111100111010011111001011
1000111010010001111000100001110000001000101000001000111100100010001110101110111
1000101111101101011001001000101010001011000110101001101111110011010000010001001
1011101000010000100010001000011110111010111110100101101110100000001111110011010
0011000101000111000011101000010111000000001011110101001111111001110110111010010
1111111110011010010000001010101011101001000110110001001110111100010000001011000
1000001100101111001010010011110001001101100000000000100101110101101000110101010
1101000000110001110100111101011100100001001001100110000100101111110001101110001
0011101011110010010000100110100111101001100110000110011111100010101110000010110
0010001001110001101111100011111111011010000100001111111101110000000011011010110
0001101001101011101110100010001111110010111011000001010110111001100111110101001
1010011110001001101000011110101011000110001011010011111101010111010101000101101
0011101111001101001110100110100111010001010000111100011100110010110111001001100
0010000001110110100101101111010001110110100001101111010000010111000111011010000
0011101000010100001000001110111000001011110010011100100010110011100110001010001
1000011100110100000000111110110110000000100000011111100011110011110000001101101
0101001101110000001010000011000101000100010011001011010100111001011111100101100
0010111000101010001111011110010011111111011001101101011000100000111110010001001
0101000100100011111110100100110010101000001111010000011011100000010000000110111
1110111011110101010011111001000010110111000001110000100111011101111100110010000
1011101011110101110000000111100110100000010010101100011110111000001011110010111
1110010010110000110100100101010011100110100000100001101110001101111000110010001
1001110111000011000011101100111011110100110010001100101001110000100101110011111
1111001110110101110001000011100000101101101110001111000111101010010010010100101
0001010011011110000110010011101000000011110110100010011011010010111010111100000
0011011110011111100000111001011111100101001000100110000111000101000011111001110
0001011110010000010010101001100010010110101101110001010100100000110000110010101
0010101100001100000010100111011010100101111100110100001111001010101101100011010
1111101000100000001001100011101011001010000111011011001001101000100000000110110
0010011101011011110000100001001000011100010010100100101011010011011010101110000
1100001000111011011000001101011011001011001110101010111001001010011110001001000
1010111000100101000010100010000000101110010100111110011011010111011001001111010
0001101100010001111010110101000011010100010100011100110110011111001100011010001
1001111001000111001101011011010010011111101111011000011111000100001000101011000
0101111010001100011101110100000000101001000011100011100110010010110000100010001
0111100011100010011110111111101111110110101111001010111000001101100010101000010
1110000100101000101110011111110000010011010010001001010001101000001111001001011
1111101001000110111000101001010101110010110011111000110011110110010010110011101
0000110101001101101101001111000101111100001000110010001001100100010010011100000
1110101010101101011010100101110011010110100111111001001110011110100111100110010
1100111000011100011000000011011010111001110001101101011101010011011101111101011
1111000011001010110010001000011001010111101001000101000101101010000001110101101
1100111111100101000110101011011000000101110010010101010010100101101000101111011
1001010011111001111101000101001101010100110001110000000111001100010110010101000
0100011001000110110100011000000001001101111110101111010010110011000110001000011
1001101110001011010001100101010111000010100110101101000000000010011011101100000
1101110000001100010011010000011011110000111011010001111011000101010110101100110
1000010110100010000111011010111010010001001100011100101110101101111010010101000
1100010011000100101001111111011001000110011100010001100001001110011101111111001
1011111101010110111100100010101010110100010000011110000010101011100000101111111
1101001011010000101000011011101100000011100101000100100010101000000111010110010
1000010101101100100101010110010000111101100101000000000101011000101100111000101
0001111001010111000101010110000001011101000000011111001100110110001100100000001
1001111110000000010100010010111011100101010101111110110000000111000100001101101
0010010000011001011100010100001000011011011011011111010111100000101101001101000
0010010111110000000000001101011011001100110110100111101000100010001011111101100
1000010101011100011110100110111000001101100010111110100100001010111000100000001
1111110010001000101101011100001110100101011000011011100000010011000010101101111
1101111011011100110011111101011000001111000110100111010100001010011101110010100
0000111010111011111001001110010101110000100101010111101011111011101000011101000
1110111110100000110100001111001000001001001101010110000000001001110011110000010
1011101011000010010101000100001011101100010100100010000100111111000000101010110
0000111110010001110011101111100000010011101010110100101100100001111101110100001
1110000101101111110101011000101100101011000111001001010100110101110011001001000
1110011100010110001000001010010010010100100001111000010101110001111000000011101
0011001101110011010111010001011011100001110101010010110110000100010100111101001
0110111000000001101011101000000010010000101101110000010011100111010111011100101
0100010011101001010001111001111010011011000100011000001000111010001101010101100
0100010000000000000101101100111100001101000010011111000000101110000000100000111
0110011001101001111010000001001001001100001001111110101100110110000010001100000
1011110101010101000011100100001000000000100011001101001011110111000001110000010
0010110110001001111000100000100000111001111101000000011111000111011011100010011
1010100010110011001011100011100001010001110101111111111011001010110010001110001
0101111101001101010101000011111001111101111000001100101011111000011011010110000
23 53
13 2
44 72
70 29
23 62
54 5
41 79
58 24
62 78
62 43
35 55
70 51
48 49
41 51
53 16
15 22
10 1
10 46
75 69
28 18
7 28
31 2
12 35
45 22
13 44
40 56
1 35
1 72
15 47
36 43
25 61
37 26
34 79
30 79
73 69
33 72
13 48
1 20
72 19
14 3
3 73
11 25
67 5
21 72
72 24
30 64
56 8
30 13
10 6
7 53
62 25
2 58
22 51
22 50
37 3
78 31
30 54
8 78
43 34
73 10
9 36
51 9
19 22
74 44
21 9
71 52
3 30
57 23
44 44
53 8
74 79
40 50
76 74
24 3
23 70
68 68
28 25
33 52
56 46
